[[4, 1, 2, 3], [0, 5, 6, 10], [8, 9, 11, 7], [12, 13, 14, 15]] (9, 50) (9, 250)
[[4, 1, 2, 3], [9, 13, 6, 7], [5, 10, 14, 0], [8, 12, 15, 11]] (13, 44) (13, 26)
[[1, 5, 2, 3], [0, 6, 10, 7], [4, 9, 14, 11], [8, 12, 13, 15]] (9, 29) (9, 17)
[[4, 9, 6, 1], [5, 2, 0, 11], [8, 13, 7, 3], [12, 14, 10, 15]] (21, 325) (21, 6747)
[[1, 5, 0, 7], [4, 6, 3, 2], [8, 9, 10, 11], [12, 13, 14, 15]] (8, 35) (8, 24)
[[1, 5, 2, 3], [0, 9, 6, 7], [4, 8, 10, 11], [12, 13, 14, 15]] (5, 17) (5, 9)
[[4, 1, 7, 2], [5, 6, 3, 11], [8, 9, 0, 10], [12, 13, 14, 15]] (10, 33) (10, 23)
[[4, 1, 2, 3], [8, 5, 7, 15], [12, 10, 6, 0], [13, 9, 11, 14]] (13, 58) (13, 25)
[[1, 5, 2, 3], [4, 9, 6, 11], [12, 8, 0, 10], [13, 14, 7, 15]] (14, 68) (14, 265)
[[1, 2, 6, 3], [4, 5, 10, 7], [8, 9, 14, 11], [12, 13, 0, 15]] (5, 17) (5, 7)
[[1, 2, 3, 10], [4, 5, 7, 0], [8, 9, 6, 15], [12, 13, 11, 14]] (16, 148) (16, 3219)
[[1, 5, 2, 3], [4, 6, 10, 7], [8, 11, 15, 14], [12, 0, 9, 13]] (14, 85) (14, 72)
[[4, 1, 3, 7], [9, 6, 2, 11], [5, 8, 10, 15], [12, 13, 14, 0]] (12, 40) (12, 24)
[[4, 2, 3, 0], [8, 1, 6, 7], [9, 5, 10, 11], [12, 13, 14, 15]] (7, 22) (7, 12)
[[1, 6, 3, 7], [8, 2, 5, 11], [9, 4, 10, 0], [12, 13, 14, 15]] (13, 44) (13, 25)
[[1, 5, 6, 3], [8, 0, 4, 7], [9, 2, 10, 11], [12, 13, 14, 15]] (14, 199) (14, 1282)
[[4, 1, 3, 0], [8, 5, 2, 6], [9, 10, 14, 7], [12, 13, 15, 11]] (11, 34) (11, 22)
[[0, 1, 2, 3], [4, 5, 6, 14], [8, 9, 7, 10], [12, 13, 15, 11]] (16, 190) (16, 2292)
[[4, 1, 6, 3], [0, 8, 5, 7], [9, 2, 10, 15], [12, 13, 11, 14]] (17, 172) (17, 2559)
[[1, 6, 5, 3], [4, 2, 0, 7], [8, 9, 10, 11], [12, 13, 14, 15]] (7, 26) (7, 13)

0 1 2 3
4 5 6 7
8 9 10 11
12 13 14 15